hola<-9+6+7
